512
1024
64
128
457
838
671
217
474
816
268
769
375
101
568
177
708
512
365
683
169
209
577
573
520
799
206
73
342
83
438
926
623
423
965
138
941
306
747
571
101
343
454
933
238
403
329
935
687
752
322
418
281
418
995
32
183
860
328
200
359
975
834
469
904
299
699
549
205
192
838
518
329
266
802
208
594
837
389
70
78
416
871
287
154
37
46
299
53
232
549
365
317
495
779
948
13
198
300
415
475
299
729
936
76
476
533
276
735
675
479
431
712
138
871
112
389
49
947
470
513
39
662
360
486
153
257
814
380
60
664
959
464
735
685
206
240
931
474
933
252
468
520
274
554
270
241
521
896
477
566
101
871
157
917
147
789
68
295
563
1013
599
230
28
29
80
443
624
14
951
555
982
501
698
934
867
633
627
649
906
535
210
540
122
1020
447
362
26
60
919
508
1007
943
168
766
137
942
48
285
404
816
166
929
1013
558
640
244
287
957
692
310
500
635
530
472
376
437
541
621
301
543
757
254
431
732
793
138
180
690
939
969
11
29
1000
370
144
892
310
177
555
606
695
349
940
951
859
1007
936
104
17
439
877
791
683
138
520
721
673
905
322
234
342
920
315
746
156
75
770
757
874
389
854
122
378
480
66
154
755
786
747
564
899
998
965
350
901
266
961
327
476
451
66
812
419
617
979
16
883
367
557
876
411
44
968
496
139
52
970
476
652
101
786
650
310
522
489
559
86
747
652
709
953
375
284
541
210
192
501
522
759
806
794
329
438
613
126
405
817
656
494
299
586
91
485
498
435
667
703
637
556
160
523
556
941
42
430
432
291
708
585
606
676
444
57
58
264
891
18
791
26
910
235
474
463
85
1000
372
231
325
882
742
799
383
194
714
157
213
56
581
314
970
180
625
580
56
746
943
194
17
254
29
663
492
654
1003
619
671
124
764
1009
439
528
70
503
931
613
593
210
856
799
491
283
7
342
636
173
945
416
461
280
213
839
832
243
660
995
539
461
902
289
273
984
724
93
28
12
813
699
426
753
896
780
969
281
757
745
582
915
437
91
520
740
650
172
499
469
703
586
0
558
270
575
965
645
442
702
708
245
301
380
676
761
334
542
496
723
900
988
118
463
496
380
996
146
366
534
903
116
671
542
537
769
142
609
514
764
652
417
970
913
770
753
929
513
948
531
293
24
881
616
690
771
994
654
325
862
679
580
196
393
540
369
308
397
753
43
964
561
663
217
273
645
30
950
777
600
859
746
199
538
64
781
371
649
608
447
125
7
940
703
687
87
273
341
330
896
933
132
922
118
505
284
527
20
248
195
469
846
64
1017
390
581
676
309
542
105
514
465
926
361
113
55
153
732
816
634
342
247
766
190
430
673
791
481
281
1008
422
976
567
782
997
283
163
581
550
630
782
509
125
445
755
822
70
968
308
690
424
76
967
675
780
47
371
867
68
856
190
548
555
171
269
633
546
218
841
984
500
587
466
1002
911
636
118
645
125
144
610
57
497
305
1022
762
739
16
384
560
984
864
394
777
1023
718
214
319
577
179
99
423
984
467
115
1010
433
119
7
358
708
778
689
752
694
224
702
229
591
607
718
572
30
663
73
224
568
89
281
685
31
644
60
554
251
332
223
734
845
968
280
24
218
0
627
404
960
77
611
407
8
1014
746
354
832
82
515
493
875
19
533
503
179
691
480
942
572
735
503
179
815
552
480
609
997
278
255
532
401
385
938
599
418
787
814
680
80
465
1012
108
342
34
886
409
951
483
626
211
954
147
528
971
864
200
562
481
739
887
1002
879
724
221
765
900
96
952
460
33
360
895
900
168
711
859
534
405
29
381
722
862
530
39
681
933
699
467
488
884
369
929
513
634
978
119
754
15
852
171
893
842
211
563
721
793
947
520
851
115
761
282
956
659
485
348
469
116
121
27
117
821
957
929
858
685
570
991
308
759
979
990
756
580
15
822
149
155
545
59
474
280
467
271
348
392
596
189
143
242
523
539
611
368
958
449
654
898
247
44
158
741
66
276
370
789
735
4
645
410
893
431
956
904
411
379
657
495
801
198
804
99
376
157
90
336
470
780
206
965
368
962
328
162
762
892
816
155
418
549
680
606
164
852
46
254
115
697
618
642
308
297
566
392
415
708
96
946
832
533
97
962
865
913
544
3
231
311
704
889
447
183
203
103
589
810
723
271
718
358
72
133
663
929
401
121
80
488
854
996
717
58
1010
598
903
148
344
1006
929
96
991
146
116
473
818
848
207
922
867
726
617
376
218
765
533
52
361
112
526
251
206
24
469
566
595
296
747
669
176
426
301
321
839
446
582
244
792
521
377
217
1008
436
817
504
